2573
2574
2575
2574
2559
2559
2559
2571
2583
2574
2575
2575
2574
2559
2571
2573
2559
2559
2558
2571
2559
2575
2559
2559
2559
2576
2573
2574
2575
2574
2575
2575
2575
2573
2559
2517
2573
2559
2559
2573
2559
2559
2575
2574
2574
2573
2573
2574
2576
2573
2575
2575
2559
2575
2576
2559
2575
2575
2575
2576
2559
2575
2576
2572
2559
2585
1733
609
794
1054
712
810
851
992
1074
1168
946
1152
1257
1398
1586
1194
2574
2575
2559
2573
2574
2559
2575
2575
2571
2575
2573
2559
2559
2559
2576
2573
2573
2559
2574
2559
2575
2599
2575
2573
2575
2574
2575
2575
2571
2559
2575
2571
2574
2573
2571
2574
2575
2571
2576
2559
2559
2575
2557
2576
2575
2559
2575
2575
2576
2527
2575
2571
2559
2572
2575
2573
2573
2559
2573
2574
2574
2575
2573
2574
2571
2559
2576
2575
2575
2574
2576
2575
2572
396
1197
1847
526
620
624
624
624
713
715
528
656
688
776
781
752
676
734
1088
1147
1189
1152
903
960
1122
1229
1296
1308
1329
1392
1363
1321
1323
1341
1381
1367
1245
1180
1171
1196
1184
1175
1237
1350
1411
1395
1352
1344
1386
1395
1276
1171
1012
1026
1472
2559
2571
2559
2559
2559
2575
2574
2575
2573
2571
2575
2574
2575
2571
2571
2559
2573
2573
2523
2559
2575
2559
2575
2576
2559
2575
2558
2559
2573
2559
2570
2573
1456
1062
925
860
500
560
589
496
588
557
592
555
557
656
707
720
737
768
810
878
948
1002
964
901
842
798
734
640
544
573
524
544
530
408
593
631
829
1008
1001
989
1032
1088
1088
1122
1026
1025
976
832
709
726
672
633
656
693
722
704
656
2574
2575
485
696
842
998
1014
1035
1278
1331
1312
1231
1243
1252
1341
1508
1578
1590
1738
1865
1801
1754
1722
1712
1741
1680
1653
1669
1698
1765
1675
1654
1481
848
1376
1136
1165
1282
1256
1160
1002
1495
1552
1579
1665
1697
1660
1623
1642
1674
1680
1583
1615
1268
2573
2573
364
736
661
679
689
610
562
549
579
584
576
552
560
576
562
551
528
526
548
566
556
528
529
564
560
546
528
523
545
562
540
512
512
528
548
536
500
496
514
539
528
502
512
524
533
528
496
495
516
533
536
502
513
528
537
538
500
1068
1456
1502
1779
1941
1967
2010
2089
2101
2017
1979
1995
2029
2070
2015
1968
1962
2045
2079
2005
1984
1999
2027
2075
2067
1984
1969
